0.0	2.7899626329
0.157075705787	2.7918616997
0.314151411574	2.79716468432
0.471227117361	2.80583553857
0.628302823147	2.81780008016
0.785378528934	2.83295344173
0.942454234721	2.85116719252
1.09952994051	2.87229586561
1.25660564629	2.89618272697
1.41368135208	2.92266470946
1.57075705787	2.95157650126
1.72783276366	2.9827538266
1.88490846944	3.01603598798
2.04198417523	3.05126775662
2.19905988102	3.08830070532
2.3561355868	3.12699407706
2.51321129259	3.16721527756
2.67028699838	3.20884007104
2.82736270416	3.25175254868
2.98443840995	3.29584492856
3.14151411574	3.34101723603
3.29858982152	3.38717690401
3.45566552731	3.43423832457
3.6127412331	3.48212237606
3.76981693888	3.53075594426
3.92689264467	3.58007145078
4.08396835046	3.63000639845
4.24104405624	3.68050293991
4.39811976203	3.73150747352
4.55519546782	3.78297026858
4.71227117361	3.83484512053
4.86934687939	3.8870890361
5.02642258518	3.93966194707
5.18349829097	3.99252645153
5.34057399675	4.0456475806
5.49764970254	4.09899258888
5.65472540833	4.15253076657
5.81180111411	4.20623327131
5.9688768199	4.26007297785
6.12595252569	4.31402434377
6.28302823147	4.36806328948
6.44010393726	4.42216709099
6.59717964305	4.47631428404
6.75425534883	4.53048457818
6.91133105462	4.58465877979
7.06840676041	4.6388187228
7.22548246619	4.69294720634
7.38255817198	4.74702793832
7.53963387777	4.80104548436
7.69670958356	4.85498522129
7.85378528934	4.90883329469
8.01086099513	4.96257658003
8.16793670092	5.01620264688
8.3250124067	5.06969972579
8.48208811249	5.12305667768
8.63916381828	5.17626296522
8.79623952406	5.22930862615
8.95331522985	5.28218424815
9.11039093564	5.33488094527
9.26746664142	5.38739033558
9.42454234721	5.43970452
9.581618053	5.49181606216
9.73869375878	5.54371796925
9.89576946457	5.59540367368
10.0528451704	5.64686701551
10.2099208761	5.69810222566
10.3669965819	5.74910390979
10.5240722877	5.7998670327
10.6811479935	5.85038690354
10.8382236993	5.90065916148
10.9952994051	5.95067976228
11.1523751109	6.00044496661
11.3094508167	6.04995133766
11.4665265224	6.09919618837
11.6236022282	6.14817492941
11.780677934	6.19688665394
11.9377536398	6.24532839464
12.0948293456	6.29349794
12.2519050514	6.34139333161
12.4089807572	6.38901315142
12.5660564629	6.43635463578
12.7231321687	6.48341781092
12.8802078745	6.5302009497
13.0372835803	6.57670306638
13.1943592861	6.62292332362
13.3514349919	6.66886103526
13.5085106977	6.71451564941
13.6655864035	6.75988665332
13.8226621092	6.80497685068
13.979737815	6.84977860262
14.1368135208	6.89429832787
14.2938892266	6.93853442272
14.4509649324	6.98248704354
14.6080406382	7.0261565002
14.765116344	7.0695432097
14.9221920498	7.11264768417
15.0792677555	7.15547052406
15.2363434613	7.19801241256
15.3934191671	7.24027411064
15.5504948729	7.28225645244
15.7075705787	7.3239603409
15.8646462845	7.36538674357
16.0217219903	7.40653668871
16.178797696	7.44741126144
16.3358734018	7.48801160021
16.4929491076	7.52833889332
16.6500248134	7.56839437564
16.8071005192	7.60817932554
16.964176225	7.64769506184
17.1212519308	7.68694294103
17.2783276366	7.72592435454
17.4354033423	7.7646407262
17.5924790481	7.80309350972
17.7495547539	7.84128418645
17.9066304597	7.87921426311
18.0637061655	7.91688526969
18.2207818713	7.95429875744
18.3778575771	7.99145629701
18.5349332828	8.0283594766
18.6920089886	8.06500990024
18.8490846944	8.10140918619
19.0061604002	8.1375589654
19.163236106	8.17346088002
19.3203118118	8.20911658202
19.4773875176	8.24452773186
19.6344632234	8.2796959973
19.7915389291	8.31462305216
19.9486146349	8.34931057523
20.1056903407	8.3837602492
20.2627660465	8.41797375969
20.4198417523	8.4519527943
20.5769174581	8.48569904169
20.7339931639	8.51921419078
20.8910688697	8.55249992992
21.0481445754	8.58555794618
21.2052202812	8.61838992462
21.362295987	8.65099754763
21.5193716928	8.68338249434
21.6764473986	8.71554643997
21.8335231044	8.74749105533
21.9905988102	8.7792180063
22.1476745159	8.81072895331
22.3047502217	8.84202555092
22.4618259275	8.87310944738
22.6189016333	8.90398228424
22.7759773391	8.93464569596
22.9330530449	8.96510130959
23.0901287507	8.99535074442
23.2472044565	9.02539561169
23.4042801622	9.05523751433
23.561355868	9.08487804665
23.7184315738	9.11431879415
23.8755072796	9.14356133329
24.0325829854	9.17260723126
24.1896586912	9.20145804581
24.346734397	9.23011532507
24.5038101027	9.25858060739
24.6608858085	9.28685542122
24.8179615143	9.31494128495
24.9750372201	9.34283970679
25.1321129259	9.37055218469
25.2891886317	9.39808020622
25.4462643375	9.42542524852
25.6033400433	9.45258877815
25.760415749	9.47957225113
25.9174914548	9.50637711278
26.0745671606	9.53300479777
26.2316428664	9.55945672998
26.3887185722	9.58573432257
26.545794278	9.61183897785
26.7028699838	9.63777208737
26.8599456896	9.66353503181
27.0170213953	9.68912918105
27.1740971011	9.71455589411
27.3311728069	9.73981651921
27.4882485127	9.76491239373
27.6453242185	9.78984484426
27.8023999243	9.81461518661
27.9594756301	9.83922472582
28.1165513358	9.8636747562
28.2736270416	9.88796656137
28.4307027474	9.91210141427
28.5877784532	9.93608057721
28.744854159	9.95990530193
28.9019298648	9.98357682961
29.0590055706	10.0070963909
29.2160812764	10.0304652061
29.3731569821	10.053684485
29.5302326879	10.0767554272
29.6873083937	10.0996792217
29.8443840995	10.1224570476
30.0014598053	10.1450900736
30.1585355111	10.1675794584
30.3156112169	10.1899263507
30.4726869226	10.2121318891
30.6297626284	10.2341972023
30.7868383342	10.256123409
30.94391404	10.2779116184
31.1009897458	10.2995629298
31.2580654516	10.3210784328
31.4151411574	10.3424592074
31.5722168632	10.3637063243
31.7292925689	10.3848208445
31.8863682747	10.4058038198
32.0434439805	10.4266562924
32.2005196863	10.4473792957
32.3575953921	10.4679738535
32.5146710979	10.4884409807
32.6717468037	10.5087816833
32.8288225095	10.5289969582
32.9858982152	10.5490877934
33.142973921	10.5690551681
33.3000496268	10.5889000529
33.4571253326	10.6086234096
33.6142010384	10.6282261916
33.7712767442	10.6477093434
33.92835245	10.6670738015
34.0854281557	10.6863204938
34.2425038615	10.70545034
34.3995795673	10.7244642514
34.5566552731	10.7433631314
34.7137309789	10.7621478752
34.8708066847	10.7808193698
35.0278823905	10.7993784947
35.1849580963	10.8178261211
35.342033802	10.8361631127
35.4991095078	10.8543903253
35.6561852136	10.8725086071
35.8132609194	10.8905187988
35.9703366252	10.9084217334
36.127412331	10.9262182366
36.2844880368	10.9439091267
36.4415637425	10.9614952147
36.5986394483	10.9789773043
36.7557151541	10.996356192
36.9127908599	11.0136326673
37.0698665657	11.0308075125
37.2269422715	11.0478815031
37.3840179773	11.0648554075
37.5410936831	11.0817299875
37.6981693888	11.0985059979
37.8552450946	11.1151841869
38.0123208004	11.1317652959
38.1693965062	11.1482500598
38.326472212	11.1646392071
38.4835479178	11.1809334596
38.6406236236	11.1971335328
38.7976993294	11.2132401359
38.9547750351	11.2292539717
39.1118507409	11.2451757368
39.2689264467	11.2610061218
39.4260021525	11.276745811
39.5830778583	11.2923954827
39.7401535641	11.3079558091
39.8972292699	11.3234274568
40.0543049756	11.3388110862
40.2113806814	11.354107352
40.3684563872	11.3693169031
40.525532093	11.3844403827
40.6826077988	11.3994784284
40.8396835046	11.4144316721
40.9967592104	11.4293007403
41.1538349162	11.4440862538
41.3109106219	11.4587888282
41.4679863277	11.4734090734
41.6250620335	11.4879475944
41.7821377393	11.5024049904
41.9392134451	11.5167818559
42.0962891509	11.5310787797
42.2533648567	11.5452963459
42.4104405624	11.5594351333
42.5675162682	11.5734957156
42.724591974	11.5874786616
42.8816676798	11.6013845353
43.0387433856	11.6152138957
43.1958190914	11.6289672968
43.3528947972	11.642645288
43.509970503	11.6562484139
43.6670462087	11.6697772144
43.8241219145	11.6832322247
43.9811976203	11.6966139754
44.1382733261	11.7099229926
44.2953490319	11.7231597977
44.4524247377	11.7363249079
44.6095004435	11.7494188357
44.7665761493	11.7624420893
44.923651855	11.7753951726
45.0807275608	11.788278585
45.2378032666	11.8010928219
45.3948789724	11.8138383743
45.5519546782	11.826515729
45.709030384	11.8391253687
45.8661060898	11.8516677721
46.0231817955	11.8641434135
46.1802575013	11.8765527635
46.3373332071	11.8888962886
46.4944089129	11.9011744513
46.6514846187	11.9133877103
46.8085603245	11.9255365203
46.9656360303	11.9376213321
47.1227117361	11.9496425929
47.2797874418	11.961600746
47.4368631476	11.973496231
47.5939388534	11.9853294839
47.7510145592	11.9971009367
47.908090265	12.0088110182
48.0651659708	12.0204601533
48.2222416766	12.0320487636
48.3793173823	12.0435772668
48.5363930881	12.0550460776
48.6934687939	12.0664556069
48.8505444997	12.0778062621
49.0076202055	12.0890984476
49.1646959113	12.1003325641
49.3217716171	12.1115090091
49.4788473229	12.1226281767
49.6359230286	12.1336904579
49.7929987344	12.1446962403
49.9500744402	12.1556459085
50.107150146	12.1665398437
50.2642258518	12.1773784241
50.4213015576	12.1881620248
50.5783772634	12.1988910176
50.7354529692	12.2095657715
50.8925286749	12.2201866524
51.0496043807	12.2307540231
51.2066800865	12.2412682436
51.3637557923	12.2517296707
51.5208314981	12.2621386586
51.6779072039	12.2724955584
51.8349829097	12.2828007184
51.9920586154	12.293054484
52.1491343212	12.3032571978
52.306210027	12.3134091999
52.4632857328	12.3235108272
52.6203614386	12.3335624142
52.7774371444	12.3435642925
52.9345128502	12.3535167911
53.091588556	12.3634202363
53.2486642617	12.373274952
53.4057399675	12.3830812591
53.5628156733	12.3928394762
53.7198913791	12.4025499192
53.8769670849	12.4122129017
54.0340427907	12.4218287344
54.1911184965	12.4313977259
54.3481942022	12.440920182
54.505269908	12.4503964064
54.6623456138	12.4598267001
54.8194213196	12.4692113618
54.9764970254	12.4785506879
55.1335727312	12.4878449722
55.290648437	12.4970945066
55.4477241428	12.5062995802
55.6047998485	12.5154604802
55.7618755543	12.5245774913
55.9189512601	12.533650896
56.0760269659	12.5426809746
56.2331026717	12.5516680053
56.3901783775	12.5606122638
56.5472540833	12.5695140241
56.7043297891	12.5783735575
56.8614054948	12.5871911337
57.0184812006	12.5959670199
57.1755569064	12.6047014814
57.3326326122	12.6133947814
57.489708318	12.622047181
57.6467840238	12.6306589394
57.8038597296	12.6392303136
57.9609354353	12.6477615586
58.1180111411	12.6562529277
58.2750868469	12.664704672
58.4321625527	12.6731170406
58.5892382585	12.6814902809
58.7463139643	12.6898246382
58.9033896701	12.698120356
59.0604653759	12.706377676
59.2175410816	12.7145968377
59.3746167874	12.7227780792
59.5316924932	12.7309216365
59.688768199	12.7390277439
59.8458439048	12.7470966339
60.0029196106	12.7551285372
60.1599953164	12.7631236826
60.3170710221	12.7710822975
60.4741467279	12.7790046072
60.6312224337	12.7868908355
60.7882981395	12.7947412045
60.9453738453	12.8025559345
61.1024495511	12.8103352442
61.2595252569	12.8180793506
61.4166009627	12.8257884692
61.5736766684	12.8334628137
61.7307523742	12.8411025963
61.88782808	12.8487080275
62.0449037858	12.8562793164
62.2019794916	12.8638166703
62.3590551974	12.871320295
62.5161309032	12.878790395
62.673206609	12.8862271729
62.8302823147	12.8936308301
62.9873580205	12.9010015663
63.1444337263	12.9083395797
63.3015094321	12.9156450673
63.4585851379	12.9229182243
63.6156608437	12.9301592446
63.7727365495	12.9373683206
63.9298122552	12.9445456435
64.086887961	12.9516914027
64.2439636668	12.9588057865
64.4010393726	12.9658889817
64.5581150784	12.9729411738
64.7151907842	12.9799625468
64.87226649	12.9869532835
65.0293421958	12.9939135652
65.1864179015	13.0008435721
65.3434936073	13.0077434827
65.5005693131	13.0146134746
65.6576450189	13.0214537239
65.8147207247	13.0282644054
65.9717964305	13.0350456926
66.1288721363	13.041797758
66.285947842	13.0485207726
66.4430235478	13.0552149061
66.6000992536	13.0618803271
66.7571749594	13.0685172031
66.9142506652	13.0751257001
67.071326371	13.0817059831
67.2284020768	13.0882582159
67.3854777826	13.094782561
67.5425534883	13.1012791799
67.6996291941	13.1077482327
67.8567048999	13.1141898787
68.0137806057	13.1206042757
68.1708563115	13.1269915806
68.3279320173	13.1333519491
68.4850077231	13.1396855357
68.6420834289	13.1459924941
68.7991591346	13.1522729764
68.9562348404	13.1585271342
69.1133105462	13.1647551175
69.270386252	13.1709570757
69.4274619578	13.1771331567
69.5845376636	13.1832835077
69.7416133694	13.1894082746
69.8986890751	13.1955076026
70.0557647809	13.2015816354
70.2128404867	13.2076305162
70.3699161925	13.2136543868
70.5269918983	13.2196533882
70.6840676041	13.2256276603
70.8411433099	13.2315773422
70.9982190157	13.2375025718
71.1552947214	13.2434034862
71.3123704272	13.2492802215
71.469446133	13.2551329128
71.6265218388	13.2609616943
71.7835975446	13.2667666992
71.9406732504	13.27254806
72.0977489562	13.278305908
72.2548246619	13.2840403736
72.4119003677	13.2897515867
72.5689760735	13.2954396757
72.7260517793	13.3011047686
72.8831274851	13.3067469923
73.0402031909	13.3123664728
73.1972788967	13.3179633353
73.3543546025	13.3235377042
73.5114303082	13.329089703
73.668506014	13.3346194543
73.8255817198	13.3401270798
73.9826574256	13.3456127006
74.1397331314	13.3510764367
74.2968088372	13.3565184075
74.453884543	13.3619387316
74.6109602488	13.3673375265
74.7680359545	13.3727149092
74.9251116603	13.3780709958
75.0821873661	13.3834059015
75.2392630719	13.3887197411
75.3963387777	13.3940126281
75.5534144835	13.3992846756
75.7104901893	13.4045359959
75.867565895	13.4097667003
76.0246416008	13.4149768997
76.1817173066	13.420166704
76.3387930124	13.4253362224
76.4958687182	13.4304855635
76.652944424	13.435614835
76.8100201298	13.440724144
76.9670958356	13.4458135969
77.1241715413	13.4508832992
77.2812472471	13.455933356
77.4383229529	13.4609638714
77.5953986587	13.4659749491
77.7524743645	13.4709666918
77.9095500703	13.4759392017
78.0666257761	13.4808925803
78.2237014818	13.4858269285
78.3807771876	13.4907423464
78.5378528934	13.4956389335
78.6949285992	13.5005167886
78.852004305	13.50537601
79.0090800108	13.5102166952
79.1661557166	13.5150389411
79.3232314224	13.519842844
79.4803071281	13.5246284995
79.6373828339	13.5293960026
79.7944585397	13.5341454477
79.9515342455	13.5388769287
80.1086099513	13.5435905386
80.2656856571	13.54828637
80.4227613629	13.5529645149
80.5798370687	13.5576250647
80.7369127744	13.56226811
80.8939884802	13.5668937412
81.051064186	13.5715020478
81.2081398918	13.5760931188
81.3652155976	13.5806670427
81.5222913034	13.5852239073
81.6793670092	13.5897637999
81.8364427149	13.5942868074
81.9935184207	13.5987930158
82.1505941265	13.6032825108
82.3076698323	13.6077553776
82.4647455381	13.6122117006
82.6218212439	13.6166515638
82.7788969497	13.6210750508
82.9359726555	13.6254822444
83.0930483612	13.6298732271
83.250124067	13.6342480807
83.4071997728	13.6386068867
83.5642754786	13.6429497257
83.7213511844	13.6472766783
83.8784268902	13.6515878242
84.035502596	13.6558832427
84.1925783017	13.6601630127
84.3496540075	13.6644272124
84.5067297133	13.6686759197
84.6638054191	13.672909212
84.8208811249	13.677127166
84.9779568307	13.6813298582
85.1350325365	13.6855173645
85.2921082423	13.6896897602
85.449183948	13.6938471204
85.6062596538	13.6979895194
85.7633353596	13.7021170314
85.9204110654	13.7062297297
86.0774867712	13.7103276877
86.234562477	13.7144109778
86.3916381828	13.7184796722
86.5487138886	13.7225338428
86.7057895943	13.7265735608
86.8628653001	13.730598897
87.0199410059	13.7346099219
87.1770167117	13.7386067054
87.3340924175	13.7425893171
87.4911681233	13.7465578262
87.6482438291	13.7505123012
87.8053195348	13.7544528106
87.9623952406	13.7583794221
88.1194709464	13.7622922031
88.2765466522	13.7661912208
88.433622358	13.7700765417
88.5906980638	13.773948232
88.7477737696	13.7778063575
88.9048494754	13.7816509837
89.0619251811	13.7854821756
89.2190008869	13.7892999976
89.3760765927	13.7931045142
89.5331522985	13.7968957891
89.6902280043	13.8006738857
89.8473037101	13.8044388671
90.0043794159	13.8081907959
90.1614551216	13.8119297346
90.3185308274	13.8156557449
90.4756065332	13.8193688885
90.632682239	13.8230692266
90.7897579448	13.8267568198
90.9468336506	13.8304317288
91.1039093564	13.8340940135
91.2609850622	13.8377437338
91.4180607679	13.8413809489
91.5751364737	13.8450057179
91.7322121795	13.8486180994
91.8892878853	13.8522181518
92.0463635911	13.855805933
92.2034392969	13.8593815007
92.3605150027	13.8629449121
92.5175907085	13.8664962241
92.6746664142	13.8700354934
92.83174212	13.8735627762
92.9888178258	13.8770781285
93.1458935316	13.8805816058
93.3029692374	13.8840732635
93.4600449432	13.8875531564
93.617120649	13.8910213393
93.7741963547	13.8944778664
93.9312720605	13.8979227917
94.0883477663	13.9013561688
94.2454234721	13.9047780512
94.4024991779	13.9081884919
94.5595748837	13.9115875436
94.7166505895	13.9149752587
94.8737262953	13.9183516894
95.030802001	13.9217168874
95.1878777068	13.9250709043
95.3449534126	13.9284137913
95.5020291184	13.9317455994
95.6591048242	13.9350663791
95.81618053	13.9383761808
95.9732562358	13.9416750545
96.1303319415	13.9449630499
96.2874076473	13.9482402166
96.4444833531	13.9515066037
96.6015590589	13.9547622601
96.7586347647	13.9580072344
96.9157104705	13.961241575
97.0727861763	13.9644653299
97.2298618821	13.9676785469
97.3869375878	13.9708812735
97.5440132936	13.9740735569
97.7010889994	13.9772554442
97.8581647052	13.9804269819
98.015240411	13.9835882166
98.1723161168	13.9867391944
98.3293918226	13.9898799613
98.4864675284	13.9930105628
98.6435432341	13.9961310443
98.8006189399	13.9992414511
98.9576946457	14.0023418279
99.1147703515	14.0054322193
99.2718460573	14.0085126699
99.4289217631	14.0115832236
99.5859974689	14.0146439243
99.7430731746	14.0176948157
99.9001488804	14.0207359411
100.057224586	14.0237673437
100.214300292	14.0267890664
100.371375998	14.0298011518
100.528451704	14.0328036424
100.685527409	14.0357965802
100.842603115	14.0387800073
100.999678821	14.0417539654
101.156754527	14.0447184959
101.313830233	14.0476736401
101.470905938	14.050619439
101.627981644	14.0535559333
101.78505735	14.0564831638
101.942133056	14.0594011706
102.099208761	14.0623099939
102.256284467	14.0652096735
102.413360173	14.0681002493
102.570435879	14.0709817605
102.727511585	14.0738542465
102.88458729	14.0767177463
103.041662996	14.0795722986
103.198738702	14.0824179421
103.355814408	14.0852547152
103.512890114	14.088082656
103.669965819	14.0909018024
103.827041525	14.0937121923
103.984117231	14.0965138631
104.141192937	14.0993068523
104.298268642	14.1020911969
104.455344348	14.1048669339
104.612420054	14.1076341
104.76949576	14.1103927319
104.926571466	14.1131428657
105.083647171	14.1158845377
105.240722877	14.1186177837
105.397798583	14.1213426397
105.554874289	14.124059141
105.711949995	14.1267673231
105.8690257	14.1294672211
106.026101406	14.1321588701
106.183177112	14.1348423048
106.340252818	14.1375175599
106.497328523	14.1401846697
106.654404229	14.1428436686
106.811479935	14.1454945905
106.968555641	14.1481374694
107.125631347	14.150772339
107.282707052	14.1533992327
107.439782758	14.1560181839
107.596858464	14.1586292257
107.75393417	14.1612323912
107.911009876	14.1638277132
108.068085581	14.1664152242
108.225161287	14.1689949568
108.382236993	14.1715669432
108.539312699	14.1741312155
108.696388404	14.1766878058
108.85346411	14.1792367457
109.010539816	14.181778067
109.167615522	14.184311801
109.324691228	14.1868379789
109.481766933	14.1893566321
109.638842639	14.1918677913
109.795918345	14.1943714874
109.952994051	14.196867751
110.110069757	14.1993566126
110.267145462	14.2018381024
110.424221168	14.2043122507
110.581296874	14.2067790874
110.73837258	14.2092386424
110.895448286	14.2116909454
111.052523991	14.2141360258
111.209599697	14.2165739131
111.366675403	14.2190046364
111.523751109	14.2214282249
111.680826814	14.2238447074
111.83790252	14.2262541128
111.994978226	14.2286564697
112.152053932	14.2310518065
112.309129638	14.2334401515
112.466205343	14.235821533
112.623281049	14.2381959789
112.780356755	14.2405635172
112.937432461	14.2429241757
113.094508167	14.2452779819
113.251583872	14.2476249632
113.408659578	14.2499651471
113.565735284	14.2522985607
113.72281099	14.254625231
113.879886695	14.256945185
114.036962401	14.2592584494
114.194038107	14.2615650509
114.351113813	14.2638650159
114.508189519	14.2661583709
114.665265224	14.268445142
114.82234093	14.2707253554
114.979416636	14.272999037
115.136492342	14.2752662127
115.293568048	14.2775269082
115.450643753	14.2797811489
115.607719459	14.2820289605
115.764795165	14.2842703682
115.921870871	14.2865053971
116.078946576	14.2887340724
116.236022282	14.290956419
116.393097988	14.2931724618
116.550173694	14.2953822253
116.7072494	14.2975857341
116.864325105	14.2997830128
117.021400811	14.3019740856
117.178476517	14.3041589767
117.335552223	14.3063377102
117.492627929	14.30851031
117.649703634	14.3106768001
117.80677934	14.312837204
117.963855046	14.3149915455
118.120930752	14.317139848
118.278006457	14.3192821348
118.435082163	14.3214184293
118.592157869	14.3235487545
118.749233575	14.3256731335
118.906309281	14.3277915892
119.063384986	14.3299041444
119.220460692	14.3320108218
119.377536398	14.3341116439
119.534612104	14.3362066332
119.69168781	14.3382958121
119.848763515	14.3403792029
120.005839221	14.3424568275
120.162914927	14.3445287081
120.319990633	14.3465948667
120.477066339	14.3486553249
120.634142044	14.3507101045
120.79121775	14.3527592271
120.948293456	14.3548027142
121.105369162	14.3568405872
121.262444867	14.3588728674
121.419520573	14.3608995759
121.576596279	14.3629207338
121.733671985	14.3649363622
121.890747691	14.3669464818
122.047823396	14.3689511135
122.204899102	14.3709502779
122.361974808	14.3729439957
122.519050514	14.3749322872
122.67612622	14.3769151729
122.833201925	14.378892673
122.990277631	14.3808648077
123.147353337	14.3828315971
123.304429043	14.3847930612
123.461504748	14.3867492199
123.618580454	14.388700093
123.77565616	14.3906457002
123.932731866	14.3925860611
124.089807572	14.3945211951
124.246883277	14.3964511218
124.403958983	14.3983758605
124.561034689	14.4002954303
124.718110395	14.4022098505
124.875186101	14.4041191401
125.032261806	14.406023318
125.189337512	14.4079224032
125.346413218	14.4098164144
125.503488924	14.4117053704
125.660564629	14.4135892896
125.817640335	14.4154681907
125.974716041	14.4173420921
126.131791747	14.4192110121
126.288867453	14.421074969
126.445943158	14.422933981
126.603018864	14.4247880661
126.76009457	14.4266372424
126.917170276	14.4284815278
127.074245982	14.43032094
127.231321687	14.432155497
127.388397393	14.4339852162
127.545473099	14.4358101154
127.702548805	14.437630212
127.85962451	14.4394455235
128.016700216	14.4412560671
128.173775922	14.4430618602
128.330851628	14.44486292
128.487927334	14.4466592635
128.645003039	14.4484509077
128.802078745	14.4502378697
128.959154451	14.4520201662
129.116230157	14.4537978141
129.273305863	14.45557083
129.430381568	14.4573392307
129.587457274	14.4591030326
129.74453298	14.4608622522
129.901608686	14.462616906
130.058684392	14.4643670102
130.215760097	14.4661125812
130.372835803	14.4678536351
130.529911509	14.469590188
130.686987215	14.4713222559
130.84406292	14.4730498548
131.001138626	14.4747730006
131.158214332	14.4764917091
131.315290038	14.4782059961
131.472365744	14.4799158771
131.629441449	14.4816213679
131.786517155	14.4833224838
131.943592861	14.4850192405
132.100668567	14.4867116532
132.257744273	14.4883997374
132.414819978	14.4900835081
132.571895684	14.4917629807
132.72897139	14.4934381702
132.886047096	14.4951090917
133.043122801	14.4967757601
133.200198507	14.4984381903
133.357274213	14.5000963972
133.514349919	14.5017503956
133.671425625	14.5034002002
133.82850133	14.5050458255
133.985577036	14.5066872862
134.142652742	14.5083245968
134.299728448	14.5099577718
134.456804154	14.5115868254
134.613879859	14.513211772
134.770955565	14.514832626
134.928031271	14.5164494013
135.085106977	14.5180621123
135.242182682	14.5196707729
135.399258388	14.5212753972
135.556334094	14.522875999
135.7134098	14.5244725923
135.870485506	14.5260651908
136.027561211	14.5276538084
136.184636917	14.5292384586
136.341712623	14.5308191553
136.498788329	14.5323959118
136.655864035	14.5339687417
136.81293974	14.5355376586
136.970015446	14.5371026756
137.127091152	14.5386638063
137.284166858	14.5402210639
137.441242563	14.5417744615
137.598318269	14.5433240124
137.755393975	14.5448697296
137.912469681	14.5464116262
138.069545387	14.5479497152
138.226621092	14.5494840095
138.383696798	14.551014522
138.540772504	14.5525412654
138.69784821	14.5540642526
138.854923916	14.5555834963
139.011999621	14.5570990091
139.169075327	14.5586108035
139.326151033	14.5601188922
139.483226739	14.5616232877
139.640302445	14.5631240023
139.79737815	14.5646210484
139.954453856	14.5661144383
140.111529562	14.5676041844
140.268605268	14.5690902989
140.425680973	14.5705727938
140.582756679	14.5720516814
140.739832385	14.5735269737
140.896908091	14.5749986826
141.053983797	14.5764668202
141.211059502	14.5779313984
141.368135208	14.579392429
141.525210914	14.5808499237
141.68228662	14.5823038945
141.839362326	14.5837543529
141.996438031	14.5852013106
142.153513737	14.5866447792
142.310589443	14.5880847703
142.467665149	14.5895212954
142.624740854	14.5909543659
142.78181656	14.5923839933
142.938892266	14.5938101889
143.095967972	14.5952329639
143.253043678	14.5966523298
143.410119383	14.5980682976
143.567195089	14.5994808785
143.724270795	14.6008900838
143.881346501	14.6022959244
144.038422207	14.6036984113
144.195497912	14.6050975556
144.352573618	14.6064933681
144.509649324	14.6078858598
144.66672503	14.6092750415
144.823800735	14.6106609241
144.980876441	14.6120435181
145.137952147	14.6134228344
145.295027853	14.6147988836
145.452103559	14.6161716764
145.609179264	14.6175412232
145.76625497	14.6189075347
145.923330676	14.6202706212
146.080406382	14.6216304933
146.237482088	14.6229871614
146.394557793	14.6243406357
146.551633499	14.6256909266
146.708709205	14.6270380444
146.865784911	14.6283819993
147.022860616	14.6297228014
147.179936322	14.6310604609
147.337012028	14.632394988
147.494087734	14.6337263925
147.65116344	14.6350546847
147.808239145	14.6363798744
147.965314851	14.6377019715
148.122390557	14.639020986
148.279466263	14.6403369278
148.436541969	14.6416498065
148.593617674	14.642959632
148.75069338	14.644266414
148.907769086	14.6455701622
149.064844792	14.6468708863
149.221920498	14.6481685958
149.378996203	14.6494633003
149.536071909	14.6507550094
149.693147615	14.6520437325
149.850223321	14.6533294791
150.007299026	14.6546122586
150.164374732	14.6558920803
150.321450438	14.6571689537
150.478526144	14.658442888
150.63560185	14.6597138925
150.792677555	14.6609819764
150.949753261	14.6622471489
151.106828967	14.663509419
151.263904673	14.6647687961
151.420980379	14.666025289
151.578056084	14.6672789069
151.73513179	14.6685296588
151.892207496	14.6697775535
152.049283202	14.6710226002
152.206358907	14.6722648075
152.363434613	14.6735041845
152.520510319	14.6747407398
152.677586025	14.6759744824
152.834661731	14.6772054209
152.991737436	14.6784335641
153.148813142	14.6796589207
153.305888848	14.6808814992
153.462964554	14.6821013084
153.62004026	14.6833183567
153.777115965	14.6845326527
153.934191671	14.685744205
154.091267377	14.686953022
154.248343083	14.6881591121
154.405418788	14.6893624838
154.562494494	14.6905631453
154.7195702	14.6917611052
154.876645906	14.6929563716
155.033721612	14.6941489529
155.190797317	14.6953388573
155.347873023	14.6965260929
155.504948729	14.697710668
155.662024435	14.6988925907
155.819100141	14.7000718692
155.976175846	14.7012485114
156.133251552	14.7024225255
156.290327258	14.7035939195
156.447402964	14.7047627013
156.604478669	14.7059288789
156.761554375	14.7070924602
156.918630081	14.7082534532
157.075705787	14.7094118656
157.232781493	14.7105677053
157.389857198	14.7117209801
157.546932904	14.7128716978
157.70400861	14.714019866
157.861084316	14.7151654926
158.018160022	14.7163085851
158.175235727	14.7174491513
158.332311433	14.7185871988
158.489387139	14.719722735
158.646462845	14.7208557677
158.803538551	14.7219863043
158.960614256	14.7231143522
159.117689962	14.7242399191
159.274765668	14.7253630123
159.431841374	14.7264836393
159.588917079	14.7276018073
159.745992785	14.7287175238
159.903068491	14.7298307962
160.060144197	14.7309416316
160.217219903	14.7320500374
160.374295608	14.7331560209
160.531371314	14.7342595891
160.68844702	14.7353607494
160.845522726	14.7364595088
161.002598432	14.7375558745
161.159674137	14.7386498536
161.316749843	14.7397414532
161.473825549	14.7408306804
161.630901255	14.7419175421
161.78797696	14.7430020453
161.945052666	14.744084197
162.102128372	14.7451640043
162.259204078	14.7462414738
162.416279784	14.7473166127
162.573355489	14.7483894276
162.730431195	14.7494599255
162.887506901	14.7505281132
163.044582607	14.7515939975
163.201658313	14.752657585
163.358734018	14.7537188826
163.515809724	14.754777897
163.67288543	14.7558346348
163.829961136	14.7568891027
163.987036841	14.7579413073
164.144112547	14.7589912553
164.301188253	14.7600389531
164.458263959	14.7610844075
164.615339665	14.7621276248
164.77241537	14.7631686117
164.929491076	14.7642073745
165.086566782	14.7652439198
165.243642488	14.766278254
165.400718194	14.7673103835
165.557793899	14.7683403146
165.714869605	14.7693680539
165.871945311	14.7703936075
166.029021017	14.7714169818
166.186096722	14.7724381831
166.343172428	14.7734572176
166.500248134	14.7744740917
166.65732384	14.7754888115
166.814399546	14.7765013832
166.971475251	14.777511813
167.128550957	14.778520107
167.285626663	14.7795262715
167.442702369	14.7805303124
167.599778075	14.7815322359
167.75685378	14.782532048
167.913929486	14.7835297548
168.071005192	14.7845253622
168.228080898	14.7855188764
168.385156603	14.7865103032
168.542232309	14.7874996486
168.699308015	14.7884869185
168.856383721	14.7894721188
169.013459427	14.7904552555
169.170535132	14.7914363344
169.327610838	14.7924153612
169.484686544	14.7933923419
169.64176225	14.7943672823
169.798837956	14.7953401881
169.955913661	14.796311065
170.112989367	14.7972799188
170.270065073	14.7982467553
170.427140779	14.7992115801
170.584216485	14.8001743988
170.74129219	14.8011352172
170.898367896	14.8020940409
171.055443602	14.8030508754
171.212519308	14.8040057264
171.369595013	14.8049585994
171.526670719	14.8059095
171.683746425	14.8068584338
171.840822131	14.8078054061
171.997897837	14.8087504226
172.154973542	14.8096934886
172.312049248	14.8106346097
172.469124954	14.8115737912
172.62620066	14.8125110386
172.783276366	14.8134463572
172.940352071	14.8143797525
173.097427777	14.8153112298
173.254503483	14.8162407943
173.411579189	14.8171684515
173.568654894	14.8180942066
173.7257306	14.8190180649
173.882806306	14.8199400317
174.039882012	14.8208601121
174.196957718	14.8217783114
174.354033423	14.8226946349
174.511109129	14.8236090876
174.668184835	14.8245216748
174.825260541	14.8254324015
174.982336247	14.826341273
175.139411952	14.8272482943
175.296487658	14.8281534705
175.453563364	14.8290568067
175.61063907	14.8299583079
175.767714775	14.8308579792
175.924790481	14.8317558256
176.081866187	14.8326518521
176.238941893	14.8335460636
176.396017599	14.8344384652
176.553093304	14.8353290617
176.71016901	14.8362178582
176.867244716	14.8371048594
177.024320422	14.8379900704
177.181396128	14.8388734959
177.338471833	14.8397551409
177.495547539	14.8406350102
177.652623245	14.8415131086
177.809698951	14.8423894409
177.966774656	14.843264012
178.123850362	14.8441368265
178.280926068	14.8450078892
178.438001774	14.845877205
178.59507748	14.8467447784
178.752153185	14.8476106143
178.909228891	14.8484747172
179.066304597	14.849337092
179.223380303	14.8501977432
179.380456009	14.8510566754
179.537531714	14.8519138934
179.69460742	14.8527694017
179.851683126	14.8536232049
180.008758832	14.8544753075
180.165834538	14.8553257143
180.322910243	14.8561744296
180.479985949	14.857021458
180.637061655	14.8578668041
180.794137361	14.8587104723
180.951213066	14.8595524672
181.108288772	14.8603927931
181.265364478	14.8612314546
181.422440184	14.862068456
181.57951589	14.8629038018
181.736591595	14.8637374965
181.893667301	14.8645695443
182.050743007	14.8653999497
182.207818713	14.866228717
182.364894419	14.8670558506
182.521970124	14.8678813548
182.67904583	14.8687052339
182.836121536	14.8695274922
182.993197242	14.8703481341
183.150272947	14.8711671637
183.307348653	14.8719845854
183.464424359	14.8728004033
183.621500065	14.8736146218
183.778575771	14.8744272449
183.935651476	14.875238277
184.092727182	14.8760477222
184.249802888	14.8768555846
184.406878594	14.8776618685
184.5639543	14.8784665779
184.721030005	14.879269717
184.878105711	14.88007129
185.035181417	14.8808713008
185.192257123	14.8816697537
185.349332828	14.8824666526
185.506408534	14.8832620016
185.66348424	14.8840558048
185.820559946	14.8848480662
185.977635652	14.8856387898
186.134711357	14.8864279796
186.291787063	14.8872156397
186.448862769	14.8880017739
186.605938475	14.8887863863
186.763014181	14.8895694807
186.920089886	14.8903510612
187.077165592	14.8911311317
187.234241298	14.891909696
187.391317004	14.8926867581
187.548392709	14.8934623218
187.705468415	14.894236391
187.862544121	14.8950089696
188.019619827	14.8957800615
188.176695533	14.8965496703
188.333771238	14.8973178001
188.490846944	14.8980844545
188.64792265	14.8988496374
188.804998356	14.8996133525
188.962074062	14.9003756037
189.119149767	14.9011363946
189.276225473	14.9018957291
189.433301179	14.9026536108
189.590376885	14.9034100434
189.747452591	14.9041650307
189.904528296	14.9049185764
190.061604002	14.9056706842
190.218679708	14.9064213576
190.375755414	14.9071706004
190.532831119	14.9079184162
190.689906825	14.9086648087
190.846982531	14.9094097815
191.004058237	14.9101533381
191.161133943	14.9108954822
191.318209648	14.9116362173
191.475285354	14.9123755471
191.63236106	14.9131134751
191.789436766	14.9138500048
191.946512472	14.9145851398
192.103588177	14.9153188836
192.260663883	14.9160512398
192.417739589	14.9167822117
192.574815295	14.917511803
192.731891	14.9182400171
192.888966706	14.9189668574
193.046042412	14.9196923275
193.203118118	14.9204164307
193.360193824	14.9211391705
193.517269529	14.9218605504
193.674345235	14.9225805737
193.831420941	14.9232992439
193.988496647	14.9240165642
194.145572353	14.9247325382
194.302648058	14.9254471692
194.459723764	14.9261604605
194.61679947	14.9268724155
194.773875176	14.9275830375
194.930950881	14.9282923299
195.088026587	14.9290002959
195.245102293	14.9297069389
195.402177999	14.9304122621
195.559253705	14.9311162689
195.71632941	14.9318189625
195.873405116	14.9325203461
196.030480822	14.9332204231
196.187556528	14.9339191966
196.344632234	14.9346166699
196.501707939	14.9353128463
196.658783645	14.9360077288
196.815859351	14.9367013207
196.972935057	14.9373936253
197.130010762	14.9380846456
197.287086468	14.9387743849
197.444162174	14.9394628463
197.60123788	14.9401500329
197.758313586	14.9408359479
197.915389291	14.9415205945
198.072464997	14.9422039756
198.229540703	14.9428860945
198.386616409	14.9435669543
198.543692115	14.944246558
198.70076782	14.9449249086
198.857843526	14.9456020094
199.014919232	14.9462778633
199.171994938	14.9469524733
199.329070644	14.9476258426
199.486146349	14.9482979741
199.643222055	14.9489688708
199.800297761	14.9496385359
199.957373467	14.9503069722
200.114449172	14.9509741828
200.271524878	14.9516401706
200.428600584	14.9523049387
200.58567629	14.9529684899
200.742751996	14.9536308272
200.899827701	14.9542919537
201.056903407	14.9549518721
201.213979113	14.9556105855
201.371054819	14.9562680967
201.528130525	14.9569244087
201.68520623	14.9575795243
201.842281936	14.9582334465
201.999357642	14.9588861781
202.156433348	14.959537722
202.313509053	14.9601880811
202.470584759	14.9608372581
202.627660465	14.961485256
202.784736171	14.9621320776
202.941811877	14.9627777258
203.098887582	14.9634222032
203.255963288	14.9640655128
203.413038994	14.9647076573
203.5701147	14.9653486395
203.727190406	14.9659884623
203.884266111	14.9666271283
204.041341817	14.9672646404
204.198417523	14.9679010013
204.355493229	14.9685362137
204.512568934	14.9691702805
204.66964464	14.9698032042
204.826720346	14.9704349877
204.983796052	14.9710656336
205.140871758	14.9716951447
205.297947463	14.9723235237
205.455023169	14.9729507732
205.612098875	14.9735768959
205.769174581	14.9742018946
205.926250287	14.9748257718
206.083325992	14.9754485302
206.240401698	14.9760701724
206.397477404	14.9766907012
206.55455311	14.9773101191
206.711628815	14.9779284288
206.868704521	14.9785456328
207.025780227	14.9791617339
207.182855933	14.9797767345
207.339931639	14.9803906372
207.497007344	14.9810034447
207.65408305	14.9816151596
207.811158756	14.9822257843
207.968234462	14.9828353215
208.125310168	14.9834437737
208.282385873	14.9840511434
208.439461579	14.9846574333
208.596537285	14.9852626457
208.753612991	14.9858667833
208.910688697	14.9864698485
209.067764402	14.9870718438
209.224840108	14.9876727718
209.381915814	14.988272635
209.53899152	14.9888714358
209.696067225	14.9894691766
209.853142931	14.99006586
210.010218637	14.9906614885
210.167294343	14.9912560644
210.324370049	14.9918495902
210.481445754	14.9924420684
210.63852146	14.9930335014
210.795597166	14.9936238916
210.952672872	14.9942132414
211.109748578	14.9948015533
211.266824283	14.9953888295
211.423899989	14.9959750726
211.580975695	14.996560285
211.738051401	14.9971444689
211.895127106	14.9977276268
212.052202812	14.998309761
212.209278518	14.9988908739
212.366354224	14.9994709678
212.52342993	15.0000500452
212.680505635	15.0006281082
212.837581341	15.0012051593
212.994657047	15.0017812008
213.151732753	15.0023562349
213.308808459	15.0029302641
213.465884164	15.0035032906
213.62295987	15.0040753166
213.780035576	15.0046463446
213.937111282	15.0052163767
214.094186987	15.0057854152
214.251262693	15.0063534625
214.408338399	15.0069205207
214.565414105	15.0074865922
214.722489811	15.0080516791
214.879565516	15.0086157837
215.036641222	15.0091789083
215.193716928	15.0097410551
215.350792634	15.0103022262
215.50786834	15.010862424
215.664944045	15.0114216506
215.822019751	15.0119799082
215.979095457	15.0125371991
216.136171163	15.0130935253
216.293246868	15.0136488891
216.450322574	15.0142032927
216.60739828	15.0147567383
216.764473986	15.0153092279
216.921549692	15.0158607638
217.078625397	15.016411348
217.235701103	15.0169609829
217.392776809	15.0175096704
217.549852515	15.0180574127
217.706928221	15.018604212
217.864003926	15.0191500703
218.021079632	15.0196949899
218.178155338	15.0202389727
218.335231044	15.0207820208
218.49230675	15.0213241365
218.649382455	15.0218653217
218.806458161	15.0224055786
218.963533867	15.0229449091
219.120609573	15.0234833155
219.277685278	15.0240207997
219.434760984	15.0245573639
219.59183669	15.02509301
219.748912396	15.0256277401
219.905988102	15.0261615563
220.063063807	15.0266944605
220.220139513	15.0272264549
220.377215219	15.0277575414
220.534290925	15.0282877221
220.691366631	15.0288169989
220.848442336	15.0293453739
221.005518042	15.0298728491
221.162593748	15.0303994264
221.319669454	15.0309251079
221.476745159	15.0314498955
221.633820865	15.0319737912
221.790896571	15.032496797
221.947972277	15.0330189148
222.105047983	15.0335401466
222.262123688	15.0340604944
222.419199394	15.0345799601
222.5762751	15.0350985456
222.733350806	15.0356162529
222.890426512	15.0361330839
223.047502217	15.0366490406
223.204577923	15.0371641248
223.361653629	15.0376783384
223.518729335	15.0381916835
223.67580504	15.0387041618
223.832880746	15.0392157754
223.989956452	15.039726526
224.147032158	15.0402364155
224.304107864	15.0407454459
224.461183569	15.0412536191
224.618259275	15.0417609368
224.775334981	15.042267401
224.932410687	15.0427730135
225.089486393	15.0432777761
225.246562098	15.0437816908
225.403637804	15.0442847594
225.56071351	15.0447869837
225.717789216	15.0452883655
225.874864921	15.0457889066
226.031940627	15.046288609
226.189016333	15.0467874744
226.346092039	15.0472855046
226.503167745	15.0477827015
226.66024345	15.0482790668
226.817319156	15.0487746023
226.974394862	15.0492693099
227.131470568	15.0497631913
227.288546274	15.0502562483
227.445621979	15.0507484826
227.602697685	15.0512398962
227.759773391	15.0517304906
227.916849097	15.0522202678
228.073924802	15.0527092293
228.231000508	15.0531973771
228.388076214	15.0536847128
228.54515192	15.0541712382
228.702227626	15.0546569551
228.859303331	15.0551418651
229.016379037	15.05562597
229.173454743	15.0561092715
229.330530449	15.0565917713
229.487606155	15.0570734712
229.64468186	15.0575543728
229.801757566	15.0580344779
229.958833272	15.0585137882
230.115908978	15.0589923053
230.272984684	15.059470031
230.430060389	15.0599469669
230.587136095	15.0604231148
230.744211801	15.0608984762
230.901287507	15.0613730529
231.058363212	15.0618468465
231.215438918	15.0623198587
231.372514624	15.0627920912
231.52959033	15.0632635456
231.686666036	15.0637342235
231.843741741	15.0642041266
232.000817447	15.0646732566
232.157893153	15.065141615
232.314968859	15.0656092036
232.472044565	15.0660760239
232.62912027	15.0665420775
232.786195976	15.0670073661
232.943271682	15.0674718913
233.100347388	15.0679356547
233.257423093	15.0683986579
233.414498799	15.0688609025
233.571574505	15.0693223901
233.728650211	15.0697831222
233.885725917	15.0702431006
234.042801622	15.0707023266
234.199877328	15.0711608021
234.356953034	15.0716185284
234.51402874	15.0720755072
234.671104446	15.07253174
234.828180151	15.0729872284
234.985255857	15.073441974
235.142331563	15.0738959783
235.299407269	15.0743492428
235.456482974	15.0748017691
235.61355868	15.0752535588
235.770634386	15.0757046134
235.927710092	15.0761549343
236.084785798	15.0766045232
236.241861503	15.0770533815
236.398937209	15.0775015108
236.556012915	15.0779489126
236.713088621	15.0783955884
236.870164327	15.0788415397
237.027240032	15.079286768
237.184315738	15.0797312748
237.341391444	15.0801750617
237.49846715	15.0806181299
237.655542855	15.0810604812
237.812618561	15.0815021169
237.969694267	15.0819430386
238.126769973	15.0823832477
238.283845679	15.0828227456
238.440921384	15.0832615339
238.59799709	15.083699614
238.755072796	15.0841369874
238.912148502	15.0845736555
239.069224208	15.0850096197
239.226299913	15.0854448816
239.383375619	15.0858794426
239.540451325	15.086313304
239.697527031	15.0867464674
239.854602737	15.0871789341
240.011678442	15.0876107056
240.168754148	15.0880417834
240.325829854	15.0884721687
240.48290556	15.0889018632
240.639981265	15.0893308681
240.797056971	15.0897591848
240.954132677	15.0901868149
241.111208383	15.0906137596
241.268284089	15.0910400204
241.425359794	15.0914655986
241.5824355	15.0918904957
241.739511206	15.0923147131
241.896586912	15.0927382521
242.053662618	15.0931611141
242.210738323	15.0935833004
242.367814029	15.0940048125
242.524889735	15.0944256518
242.681965441	15.0948458195
242.839041146	15.095265317
242.996116852	15.0956841458
243.153192558	15.0961023071
243.310268264	15.0965198023
243.46734397	15.0969366328
243.624419675	15.0973527998
243.781495381	15.0977683048
243.938571087	15.098183149
244.095646793	15.0985973339
244.252722499	15.0990108607
244.409798204	15.0994237307
244.56687391	15.0998359453
244.723949616	15.1002475057
244.881025322	15.1006584134
245.038101027	15.1010686696
245.195176733	15.1014782757
245.352252439	15.1018872328
245.509328145	15.1022955424
245.666403851	15.1027032057
245.823479556	15.103110224
245.980555262	15.1035165987
246.137630968	15.1039223309
246.294706674	15.104327422
246.45178238	15.1047318733
246.608858085	15.105135686
246.765933791	15.1055388614
246.923009497	15.1059414009
247.080085203	15.1063433055
247.237160908	15.1067445767
247.394236614	15.1071452157
247.55131232	15.1075452237
247.708388026	15.1079446019
247.865463732	15.1083433518
248.022539437	15.1087414744
248.179615143	15.109138971
248.336690849	15.1095358429
248.493766555	15.1099320913
248.650842261	15.1103277175
248.807917966	15.1107227226
248.964993672	15.1111171079
249.122069378	15.1115108747
249.279145084	15.1119040241
249.43622079	15.1122965574
249.593296495	15.1126884758
249.750372201	15.1130797804
249.907447907	15.1134704726
250.064523613	15.1138605535
250.221599318	15.1142500243
250.378675024	15.1146388862
250.53575073	15.1150271405
250.692826436	15.1154147882
250.849902142	15.1158018307
251.006977847	15.116188269
251.164053553	15.1165741044
251.321129259	15.116959338
251.478204965	15.1173439711
251.635280671	15.1177280048
251.792356376	15.1181114403
251.949432082	15.1184942787
252.106507788	15.1188765213
252.263583494	15.1192581691
252.420659199	15.1196392234
252.577734905	15.1200196853
252.734810611	15.1203995559
252.891886317	15.1207788364
253.048962023	15.121157528
253.206037728	15.1215356318
253.363113434	15.1219131489
253.52018914	15.1222900805
253.677264846	15.1226664278
253.834340552	15.1230421918
253.991416257	15.1234173737
254.148491963	15.1237919746
254.305567669	15.1241659956
254.462643375	15.1245394379
254.61971908	15.1249123026
254.776794786	15.1252845908
254.933870492	15.1256563036
255.090946198	15.1260274422
255.248021904	15.1263980076
255.405097609	15.1267680009
255.562173315	15.1271374233
255.719249021	15.1275062758
255.876324727	15.1278745596
256.033400433	15.1282422757
256.190476138	15.1286094252
256.347551844	15.1289760093
256.50462755	15.129342029
256.661703256	15.1297074853
256.818778961	15.1300723795
256.975854667	15.1304367125
257.132930373	15.1308004854
257.290006079	15.1311636993
257.447081785	15.1315263554
257.60415749	15.1318884545
257.761233196	15.1322499978
257.918308902	15.1326109865
258.075384608	15.1329714214
258.232460314	15.1333313037
258.389536019	15.1336906345
258.546611725	15.1340494148
258.703687431	15.1344076456
258.860763137	15.134765328
259.017838843	15.135122463
259.174914548	15.1354790517
259.331990254	15.1358350951
259.48906596	15.1361905943
259.646141666	15.1365455502
259.803217371	15.1368999639
259.960293077	15.1372538365
260.117368783	15.137607169
260.274444489	15.1379599623
260.431520195	15.1383122176
260.5885959	15.1386639358
260.745671606	15.1390151179
260.902747312	15.139365765
261.059823018	15.1397158781
261.216898724	15.1400654582
261.373974429	15.1404145062
261.531050135	15.1407630232
261.688125841	15.1411110102
261.845201547	15.1414584682
262.002277252	15.1418053982
262.159352958	15.1421518012
262.316428664	15.1424976781
262.47350437	15.14284303
262.630580076	15.1431878578
262.787655781	15.1435321625
262.944731487	15.1438759452
263.101807193	15.1442192068
263.258882899	15.1445619482
263.415958605	15.1449041704
263.57303431	15.1452458745
263.730110016	15.1455870613
263.887185722	15.1459277319
264.044261428	15.1462678872
264.201337133	15.1466075282
264.358412839	15.1469466558
264.515488545	15.147285271
264.672564251	15.1476233747
264.829639957	15.1479609679
264.986715662	15.1482980516
265.143791368	15.1486346267
265.300867074	15.1489706942
265.45794278	15.1493062549
265.615018486	15.1496413098
265.772094191	15.1499758599
265.929169897	15.1503099062
266.086245603	15.1506434494
266.243321309	15.1509764907
266.400397014	15.1513090308
266.55747272	15.1516410708
266.714548426	15.1519726115
266.871624132	15.1523036539
267.028699838	15.1526341989
267.185775543	15.1529642474
267.342851249	15.1532938004
267.499926955	15.1536228587
267.657002661	15.1539514233
267.814078367	15.154279495
267.971154072	15.1546070748
268.128229778	15.1549341637
268.285305484	15.1552607624
268.44238119	15.1555868718
268.599456896	15.155912493
268.756532601	15.1562376268
268.913608307	15.156562274
269.070684013	15.1568864357
269.227759719	15.1572101125
269.384835424	15.1575333056
269.54191113	15.1578560157
269.698986836	15.1581782437
269.856062542	15.1584999905
270.013138248	15.158821257
270.170213953	15.159142044
270.327289659	15.1594623525
270.484365365	15.1597821833
270.641441071	15.1601015373
270.798516777	15.1604204153
270.955592482	15.1607388183
271.112668188	15.161056747
271.269743894	15.1613742024
271.4268196	15.1616911853
271.583895305	15.1620076966
271.740971011	15.1623237371
271.898046717	15.1626393077
272.055122423	15.1629544092
272.212198129	15.1632690425
272.369273834	15.1635832085
272.52634954	15.1638969079
272.683425246	15.1642101416
272.840500952	15.1645229105
272.997576658	15.1648352155
273.154652363	15.1651470572
273.311728069	15.1654584367
273.468803775	15.1657693547
273.625879481	15.166079812
273.782955186	15.1663898095
273.940030892	15.166699348
274.097106598	15.1670084284
274.254182304	15.1673170514
274.41125801	15.1676252179
274.568333715	15.1679329288
274.725409421	15.1682401847
274.882485127	15.1685469867
275.039560833	15.1688533353
275.196636539	15.1691592316
275.353712244	15.1694646762
275.51078795	15.1697696701
275.667863656	15.1700742139
275.824939362	15.1703783085
275.982015067	15.1706819548
276.139090773	15.1709851535
276.296166479	15.1712879054
276.453242185	15.1715902113
276.610317891	15.1718920721
276.767393596	15.1721934884
276.924469302	15.1724944611
277.081545008	15.1727949911
277.238620714	15.173095079
277.39569642	15.1733947257
277.552772125	15.1736939319
277.709847831	15.1739926985
277.866923537	15.1742910262
278.023999243	15.1745889157
278.181074949	15.174886368
278.338150654	15.1751833837
278.49522636	15.1754799637
278.652302066	15.1757761086
278.809377772	15.1760718193
278.966453477	15.1763670966
279.123529183	15.1766619412
279.280604889	15.1769563538
279.437680595	15.1772503353
279.594756301	15.1775438864
279.751832006	15.1778370078
279.908907712	15.1781297004
280.065983418	15.1784219648
280.223059124	15.1787138019
280.38013483	15.1790052123
280.537210535	15.1792961969
280.694286241	15.1795867564
280.851361947	15.1798768915
281.008437653	15.180166603
281.165513358	15.1804558916
281.322589064	15.1807447581
281.47966477	15.1810332032
281.636740476	15.1813212276
281.793816182	15.1816088321
281.950891887	15.1818960175
282.107967593	15.1821827844
282.265043299	15.1824691335
282.422119005	15.1827550658
282.579194711	15.1830405817
282.736270416	15.1833256822
282.893346122	15.1836103678
283.050421828	15.1838946394
283.207497534	15.1841784976
283.364573239	15.1844619432
283.521648945	15.1847449769
283.678724651	15.1850275994
283.835800357	15.1853098114
283.992876063	15.1855916136
284.149951768	15.1858730068
284.307027474	15.1861539917
284.46410318	15.186434569
284.621178886	15.1867147393
284.778254592	15.1869945034
284.935330297	15.187273862
285.092406003	15.1875528159
285.249481709	15.1878313656
285.406557415	15.1881095119
285.56363312	15.1883872555
285.720708826	15.1886645971
285.877784532	15.1889415374
286.034860238	15.189218077
286.191935944	15.1894942168
286.349011649	15.1897699573
286.506087355	15.1900452993
286.663163061	15.1903202434
286.820238767	15.1905947903
286.977314473	15.1908689408
287.134390178	15.1911426954
287.291465884	15.1914160549
287.44854159	15.19168902
287.605617296	15.1919615913
287.762693001	15.1922337695
287.919768707	15.1925055554
288.076844413	15.1927769494
288.233920119	15.1930479524
288.390995825	15.193318565
288.54807153	15.1935887879
288.705147236	15.1938586217
288.862222942	15.1941280671
289.019298648	15.1943971248
289.176374354	15.1946657954
289.333450059	15.1949340797
289.490525765	15.1952019781
289.647601471	15.1954694915
289.804677177	15.1957366205
289.961752883	15.1960033657
290.118828588	15.1962697277
290.275904294	15.1965357073
290.43298	15.1968013051
290.590055706	15.1970665217
290.747131411	15.1973313579
290.904207117	15.1975958141
291.061282823	15.1978598911
291.218358529	15.1981235895
291.375434235	15.19838691
291.53250994	15.1986498532
291.689585646	15.1989124198
291.846661352	15.1991746103
292.003737058	15.1994364254
292.160812764	15.1996978658
292.317888469	15.1999589321
292.474964175	15.2002196249
292.632039881	15.2004799449
292.789115587	15.2007398927
292.946191292	15.2009994688
293.103266998	15.201258674
293.260342704	15.2015175089
293.41741841	15.201775974
293.574494116	15.2020340701
293.731569821	15.2022917977
293.888645527	15.2025491575
294.045721233	15.20280615
294.202796939	15.2030627759
294.359872645	15.2033190359
294.51694835	15.2035749304
294.674024056	15.2038304602
294.831099762	15.2040856258
294.988175468	15.2043404279
295.145251173	15.2045948671
295.302326879	15.2048489439
295.459402585	15.205102659
295.616478291	15.2053560131
295.773553997	15.2056090066
295.930629702	15.2058616402
296.087705408	15.2061139144
296.244781114	15.20636583
296.40185682	15.2066173875
296.558932526	15.2068685875
296.716008231	15.2071194306
296.873083937	15.2073699173
297.030159643	15.2076200484
297.187235349	15.2078698243
297.344311054	15.2081192456
297.50138676	15.208368313
297.658462466	15.2086170271
297.815538172	15.2088653884
297.972613878	15.2091133975
298.129689583	15.209361055
298.286765289	15.2096083614
298.443840995	15.2098553175
298.600916701	15.2101019237
298.757992407	15.2103481806
298.915068112	15.2105940888
299.072143818	15.2108396489
299.229219524	15.2110848614
299.38629523	15.211329727
299.543370936	15.2115742461
299.700446641	15.2118184195
299.857522347	15.2120622476
300.014598053	15.212305731
300.171673759	15.2125488702
300.328749464	15.212791666
300.48582517	15.2130341187
300.642900876	15.2132762291
300.799976582	15.2135179976
300.957052288	15.2137594247
301.114127993	15.2140005112
301.271203699	15.2142412575
301.428279405	15.2144816641
301.585355111	15.2147217318
301.742430817	15.2149614609
301.899506522	15.215200852
302.056582228	15.2154399058
302.213657934	15.2156786227
302.37073364	15.2159170034
302.527809345	15.2161550483
302.684885051	15.216392758
302.841960757	15.2166301331
302.999036463	15.2168671741
303.156112169	15.2171038815
303.313187874	15.217340256
303.47026358	15.217576298
303.627339286	15.217812008
303.784414992	15.2180473867
303.941490698	15.2182824345
304.098566403	15.2185171521
304.255642109	15.2187515399
304.412717815	15.2189855984
304.569793521	15.2192193283
304.726869226	15.21945273
304.883944932	15.2196858041
305.041020638	15.2199185511
305.198096344	15.2201509716
305.35517205	15.220383066
305.512247755	15.2206148349
305.669323461	15.2208462788
305.826399167	15.2210773983
305.983474873	15.2213081939
306.140550579	15.2215386661
306.297626284	15.2217688153
306.45470199	15.2219986423
306.611777696	15.2222281474
306.768853402	15.2224573311
306.925929107	15.2226861941
307.083004813	15.2229147368
307.240080519	15.2231429598
307.397156225	15.2233708635
307.554231931	15.2235984484
307.711307636	15.2238257151
307.868383342	15.2240526642
308.025459048	15.224279296
308.182534754	15.2245056111
308.33961046	15.2247316101
308.496686165	15.2249572934
308.653761871	15.2251826615
308.810837577	15.2254077149
308.967913283	15.2256324542
309.124988989	15.2258568799
309.282064694	15.2260809924
309.4391404	15.2263047922
309.596216106	15.2265282799
309.753291812	15.226751456
309.910367517	15.2269743208
310.067443223	15.2271968751
310.224518929	15.2274191191
310.381594635	15.2276410536
310.538670341	15.2278626788
310.695746046	15.2280839953
310.852821752	15.2283050037
311.009897458	15.2285257044
311.166973164	15.2287460979
311.32404887	15.2289661846
311.481124575	15.2291859651
311.638200281	15.2294054399
311.795275987	15.2296246094
311.952351693	15.2298434742
312.109427398	15.2300620346
312.266503104	15.2302802913
312.42357881	15.2304982446
312.580654516	15.2307158951
312.737730222	15.2309332432
312.894805927	15.2311502895
313.051881633	15.2313670343
313.208957339	15.2315834782
313.366033045	15.2317996216
313.523108751	15.2320154651
313.680184456	15.2322310091
313.837260162	15.232446254
313.994335868	15.2326612003
314.151411574	15.2328758486
314.308487279	15.2330901992
314.465562985	15.2333042527
314.622638691	15.2335180095
314.779714397	15.2337314701
314.936790103	15.233944635
315.093865808	15.2341575045
315.250941514	15.2343700792
315.40801722	15.2345823596
315.565092926	15.2347943461
315.722168632	15.2350060391
315.879244337	15.2352174391
316.036320043	15.2354285467
316.193395749	15.2356393621
316.350471455	15.235849886
316.50754716	15.2360601187
316.664622866	15.2362700608
316.821698572	15.2364797126
316.978774278	15.2366890746
317.135849984	15.2368981473
317.292925689	15.2371069311
317.450001395	15.2373154265
317.607077101	15.2375236339
317.764152807	15.2377315538
317.921228513	15.2379391866
318.078304218	15.2381465327
318.235379924	15.2383535927
318.39245563	15.238560367
318.549531336	15.2387668559
318.706607042	15.23897306
318.863682747	15.2391789797
319.020758453	15.2393846154
319.177834159	15.2395899676
319.334909865	15.2397950367
319.49198557	15.2399998231
319.649061276	15.2402043274
319.806136982	15.2404085499
319.963212688	15.240612491
320.120288394	15.2408161512
320.277364099	15.241019531
320.434439805	15.2412226307
320.591515511	15.2414254508
320.748591217	15.2416279918
320.905666923	15.241830254
321.062742628	15.2420322379
321.219818334	15.242233944
321.37689404	15.2424353726
321.533969746	15.2426365241
321.691045451	15.2428373991
321.848121157	15.2430379979
322.005196863	15.243238321
322.162272569	15.2434383687
322.319348275	15.2436381416
322.47642398	15.2438376399
322.633499686	15.2440368643
322.790575392	15.244235815
322.947651098	15.2444344924
323.104726804	15.2446328971
323.261802509	15.2448310294
323.418878215	15.2450288898
323.575953921	15.2452264786
323.733029627	15.2454237963
323.890105332	15.2456208433
324.047181038	15.2458176199
324.204256744	15.2460141267
324.36133245	15.2462103641
324.518408156	15.2464063323
324.675483861	15.2466020319
324.832559567	15.2467974633
324.989635273	15.2469926269
325.146710979	15.247187523
325.303786685	15.2473821521
325.46086239	15.2475765146
325.617938096	15.2477706109
325.775013802	15.2479644415
325.932089508	15.2481580066
326.089165213	15.2483513067
326.246240919	15.2485443423
326.403316625	15.2487371136
326.560392331	15.2489296212
326.717468037	15.2491218654
326.874543742	15.2493138466
327.031619448	15.2495055652
327.188695154	15.2496970217
327.34577086	15.2498882163
327.502846566	15.2500791496
327.659922271	15.2502698218
327.816997977	15.2504602335
327.974073683	15.2506503849
328.131149389	15.2508402766
328.288225095	15.2510299088
328.4453008	15.2512192819
328.602376506	15.2514083965
328.759452212	15.2515972527
328.916527918	15.2517858511
329.073603623	15.2519741921
329.230679329	15.2521622759
329.387755035	15.2523501031
329.544830741	15.2525376739
329.701906447	15.2527249888
329.858982152	15.2529120482
330.016057858	15.2530988524
330.173133564	15.2532854018
330.33020927	15.2534716968
330.487284976	15.2536577378
330.644360681	15.2538435252
330.801436387	15.2540290593
330.958512093	15.2542143406
331.115587799	15.2543993694
331.272663504	15.254584146
331.42973921	15.2547686709
331.586814916	15.2549529445
331.743890622	15.255136967
331.900966328	15.255320739
332.058042033	15.2555042607
332.215117739	15.2556875325
332.372193445	15.2558705549
332.529269151	15.2560533281
332.686344857	15.2562358526
332.843420562	15.2564181287
333.000496268	15.2566001568
333.157571974	15.2567819372
333.31464768	15.2569634704
333.471723385	15.2571447567
333.628799091	15.2573257964
333.785874797	15.25750659
333.942950503	15.2576871377
334.100026209	15.2578674401
334.257101914	15.2580474973
334.41417762	15.2582273099
334.571253326	15.258406878
334.728329032	15.2585862022
334.885404738	15.2587652828
335.042480443	15.2589441201
335.199556149	15.2591227145
335.356631855	15.2593010664
335.513707561	15.259479176
335.670783266	15.2596570439
335.827858972	15.2598346702
335.984934678	15.2600120555
336.142010384	15.2601891999
336.29908609	15.260366104
336.456161795	15.260542768
336.613237501	15.2607191923
336.770313207	15.2608953773
336.927388913	15.2610713233
337.084464619	15.2612470306
337.241540324	15.2614224996
337.39861603	15.2615977308
337.555691736	15.2617727243
337.712767442	15.2619474805
337.869843148	15.2621219999
338.026918853	15.2622962827
338.183994559	15.2624703293
338.341070265	15.2626441401
338.498145971	15.2628177154
338.655221676	15.2629910555
338.812297382	15.2631641607
338.969373088	15.2633370315
339.126448794	15.2635096682
339.2835245	15.2636820711
339.440600205	15.2638542405
339.597675911	15.2640261768
339.754751617	15.2641978804
339.911827323	15.2643693515
340.068903029	15.2645405905
340.225978734	15.2647115978
340.38305444	15.2648823737
340.540130146	15.2650529184
340.697205852	15.2652232325
340.854281557	15.2653933161
341.011357263	15.2655631697
341.168432969	15.2657327935
341.325508675	15.265902188
341.482584381	15.2660713533
341.639660086	15.26624029
341.796735792	15.2664089982
341.953811498	15.2665774783
342.110887204	15.2667457308
342.26796291	15.2669137558
342.425038615	15.2670815537
342.582114321	15.2672491248
342.739190027	15.2674164696
342.896265733	15.2675835882
343.053341438	15.2677504811
343.210417144	15.2679171485
343.36749285	15.2680835908
343.524568556	15.2682498083
343.681644262	15.2684158013
343.838719967	15.2685815702
343.995795673	15.2687471153
344.152871379	15.2689124369
344.309947085	15.2690775352
344.467022791	15.2692424108
344.624098496	15.2694070638
344.781174202	15.2695714945
344.938249908	15.2697357034
345.095325614	15.2698996907
345.252401319	15.2700634568
345.409477025	15.2702270019
345.566552731	15.2703903263
345.723628437	15.2705534305
345.880704143	15.2707163147
346.037779848	15.2708789792
346.194855554	15.2710414243
346.35193126	15.2712036504
346.509006966	15.2713656577
346.666082672	15.2715274467
346.823158377	15.2716890175
346.980234083	15.2718503705
347.137309789	15.272011506
347.294385495	15.2721724244
347.451461201	15.2723331259
347.608536906	15.2724936108
347.765612612	15.2726538795
347.922688318	15.2728139323
348.079764024	15.2729737694
348.236839729	15.2731333912
348.393915435	15.273292798
348.550991141	15.27345199
348.708066847	15.2736109677
348.865142553	15.2737697313
349.022218258	15.273928281
349.179293964	15.2740866173
349.33636967	15.2742447404
349.493445376	15.2744026506
349.650521082	15.2745603482
349.807596787	15.2747178335
349.964672493	15.2748751068
350.121748199	15.2750321685
350.278823905	15.2751890188
350.43589961	15.275345658
350.592975316	15.2755020864
350.750051022	15.2756583043
350.907126728	15.275814312
351.064202434	15.2759701098
351.221278139	15.2761256981
351.378353845	15.276281077
351.535429551	15.276436247
351.692505257	15.2765912082
351.849580963	15.276745961
352.006656668	15.2769005057
352.163732374	15.2770548426
352.32080808	15.2772089719
352.477883786	15.277362894
352.634959491	15.2775166091
352.792035197	15.2776701176
352.949110903	15.2778234197
353.106186609	15.2779765157
353.263262315	15.2781294059
353.42033802	15.2782820906
353.577413726	15.2784345701
353.734489432	15.2785868447
353.891565138	15.2787389147
354.048640844	15.2788907803
354.205716549	15.2790424418
354.362792255	15.2791938995
354.519867961	15.2793451538
354.676943667	15.2794962048
354.834019372	15.2796470529
354.991095078	15.2797976984
355.148170784	15.2799481415
355.30524649	15.2800983825
355.462322196	15.2802484218
355.619397901	15.2803982595
355.776473607	15.280547896
355.933549313	15.2806973315
356.090625019	15.2808465664
356.247700725	15.2809956009
356.40477643	15.2811444353
356.561852136	15.2812930698
356.718927842	15.2814415047
356.876003548	15.2815897404
357.033079253	15.2817377771
357.190154959	15.2818856151
357.347230665	15.2820332546
357.504306371	15.2821806959
357.661382077	15.2823279394
357.818457782	15.2824749852
357.975533488	15.2826218337
358.132609194	15.282768485
358.2896849	15.2829149396
358.446760606	15.2830611977
358.603836311	15.2832072594
358.760912017	15.2833531252
358.917987723	15.2834987953
359.075063429	15.2836442699
359.232139135	15.2837895494
359.38921484	15.2839346339
359.546290546	15.2840795238
359.703366252	15.2842242194
359.860441958	15.2843687208
360.017517663	15.2845130284
360.174593369	15.2846571424
360.331669075	15.2848010631
360.488744781	15.2849447908
360.645820487	15.2850883257
360.802896192	15.2852316681
360.959971898	15.2853748183
361.117047604	15.2855177765
361.27412331	15.285660543
361.431199016	15.285803118
361.588274721	15.2859455018
361.745350427	15.2860876947
361.902426133	15.286229697
362.059501839	15.2863715089
362.216577544	15.2865131306
362.37365325	15.2866545624
362.530728956	15.2867958046
362.687804662	15.2869368575
362.844880368	15.2870777212
363.001956073	15.2872183961
363.159031779	15.2873588825
363.316107485	15.2874991804
363.473183191	15.2876392904
363.630258897	15.2877792125
363.787334602	15.287918947
363.944410308	15.2880584943
364.101486014	15.2881978545
364.25856172	15.2883370279
364.415637425	15.2884760148
364.572713131	15.2886148154
364.729788837	15.2887534299
364.886864543	15.2888918587
365.043940249	15.289030102
365.201015954	15.28916816
365.35809166	15.2893060329
365.515167366	15.2894437211
365.672243072	15.2895812248
365.829318778	15.2897185442
365.986394483	15.2898556796
366.143470189	15.2899926312
366.300545895	15.2901293993
366.457621601	15.2902659842
366.614697306	15.290402386
366.771773012	15.290538605
366.928848718	15.2906746415
367.085924424	15.2908104957
367.24300013	15.2909461679
367.400075835	15.2910816583
367.557151541	15.2912169672
367.714227247	15.2913520947
367.871302953	15.2914870412
368.028378659	15.2916218069
368.185454364	15.291756392
368.34253007	15.2918907968
368.499605776	15.2920250215
368.656681482	15.2921590664
368.813757188	15.2922929317
368.970832893	15.2924266176
369.127908599	15.2925601244
369.284984305	15.2926934524
369.442060011	15.2928266017
369.599135716	15.2929595726
369.756211422	15.2930923654
369.913287128	15.2932249802
370.070362834	15.2933574174
370.22743854	15.2934896771
370.384514245	15.2936217597
370.541589951	15.2937536653
370.698665657	15.2938853941
370.855741363	15.2940169465
371.012817069	15.2941483226
371.169892774	15.2942795227
371.32696848	15.294410547
371.484044186	15.2945413958
371.641119892	15.2946720692
371.798195597	15.2948025676
371.955271303	15.2949328911
372.112347009	15.29506304
372.269422715	15.2951930146
372.426498421	15.295322815
372.583574126	15.2954524415
372.740649832	15.2955818943
372.897725538	15.2957111736
373.054801244	15.2958402797
373.21187695	15.2959692129
373.368952655	15.2960979732
373.526028361	15.2962265611
373.683104067	15.2963549766
373.840179773	15.2964832201
373.997255478	15.2966112917
374.154331184	15.2967391918
374.31140689	15.2968669204
374.468482596	15.2969944778
374.625558302	15.2971218644
374.782634007	15.2972490802
374.939709713	15.2973761255
375.096785419	15.2975030006
375.253861125	15.2976297057
375.410936831	15.2977562409
375.568012536	15.2978826066
375.725088242	15.2980088029
375.882163948	15.29813483
376.039239654	15.2982606883
376.196315359	15.2983863779
376.353391065	15.298511899
376.510466771	15.2986372518
376.667542477	15.2987624367
376.824618183	15.2988874537
376.981693888	15.2990123031
377.138769594	15.2991369852
377.2958453	15.2992615002
377.452921006	15.2993858482
377.609996712	15.2995100296
377.767072417	15.2996340444
377.924148123	15.299757893
378.081223829	15.2998815756
378.238299535	15.3000050923
378.395375241	15.3001284434
378.552450946	15.3002516292
378.709526652	15.3003746497
378.866602358	15.3004975053
379.023678064	15.3006201962
379.180753769	15.3007427225
379.337829475	15.3008650845
379.494905181	15.3009872824
379.651980887	15.3011093165
379.809056593	15.3012311868
379.966132298	15.3013528938
380.123208004	15.3014744374
380.28028371	15.3015958181
380.437359416	15.3017170359
380.594435122	15.3018380912
380.751510827	15.301958984
380.908586533	15.3020797147
381.065662239	15.3022002834
381.222737945	15.3023206903
381.37981365	15.3024409357
381.536889356	15.3025610198
381.693965062	15.3026809428
381.851040768	15.3028007048
382.008116474	15.3029203061
382.165192179	15.3030397469
382.322267885	15.3031590275
382.479343591	15.3032781479
382.636419297	15.3033971085
382.793495003	15.3035159094
382.950570708	15.3036345509
383.107646414	15.3037530331
383.26472212	15.3038713562
383.421797826	15.3039895205
383.578873531	15.3041075262
383.735949237	15.3042253735
383.893024943	15.3043430625
384.050100649	15.3044605935
384.207176355	15.3045779667
384.36425206	15.3046951822
384.521327766	15.3048122404
384.678403472	15.3049291414
384.835479178	15.3050458853
384.992554884	15.3051624725
385.149630589	15.3052789031
385.306706295	15.3053951772
385.463782001	15.3055112952
385.620857707	15.3056272572
385.777933412	15.3057430634
385.935009118	15.3058587139
386.092084824	15.3059742091
386.24916053	15.3060895492
386.406236236	15.3062047342
386.563311941	15.3063197644
386.720387647	15.30643464
386.877463353	15.3065493612
387.034539059	15.3066639283
387.191614765	15.3067783413
387.34869047	15.3068926005
387.505766176	15.3070067061
387.662841882	15.3071206583
387.819917588	15.3072344573
387.976993294	15.3073481033
388.134068999	15.3074615965
388.291144705	15.307574937
388.448220411	15.3076881251
388.605296117	15.3078011609
388.762371822	15.3079140447
388.919447528	15.3080267767
389.076523234	15.308139357
389.23359894	15.3082517859
389.390674646	15.3083640635
389.547750351	15.30847619
389.704826057	15.3085881656
389.861901763	15.3086999905
390.018977469	15.308811665
390.176053175	15.3089231891
390.33312888	15.3090345631
390.490204586	15.3091457872
390.647280292	15.3092568616
390.804355998	15.3093677864
390.961431703	15.3094785619
391.118507409	15.3095891881
391.275583115	15.3096996655
391.432658821	15.309809994
391.589734527	15.3099201739
391.746810232	15.3100302055
391.903885938	15.3101400888
392.060961644	15.310249824
392.21803735	15.3103594115
392.375113056	15.3104688512
392.532188761	15.3105781435
392.689264467	15.3106872885
392.846340173	15.3107962865
393.003415879	15.3109051375
393.160491584	15.3110138417
393.31756729	15.3111223994
393.474642996	15.3112308108
393.631718702	15.311339076
393.788794408	15.3114471952
393.945870113	15.3115551686
394.102945819	15.3116629964
394.260021525	15.3117706787
394.417097231	15.3118782158
394.574172937	15.3119856078
394.731248642	15.312092855
394.888324348	15.3121999574
395.045400054	15.3123069153
395.20247576	15.3124137288
395.359551465	15.3125203982
395.516627171	15.3126269236
395.673702877	15.3127333052
395.830778583	15.3128395432
395.987854289	15.3129456378
396.144929994	15.313051589
396.3020057	15.3131573972
396.459081406	15.3132630626
396.616157112	15.3133685851
396.773232818	15.3134739652
396.930308523	15.3135792028
397.087384229	15.3136842983
397.244459935	15.3137892518
397.401535641	15.3138940634
397.558611347	15.3139987334
397.715687052	15.3141032619
397.872762758	15.3142076491
398.029838464	15.3143118952
398.18691417	15.3144160003
398.343989875	15.3145199647
398.501065581	15.3146237884
398.658141287	15.3147274718
398.815216993	15.3148310149
398.972292699	15.3149344179
399.129368404	15.315037681
399.28644411	15.3151408044
399.443519816	15.3152437882
399.600595522	15.3153466326
399.757671228	15.3154493379
399.914746933	15.3155519041
400.071822639	15.3156543315
400.228898345	15.3157566201
400.385974051	15.3158587703
400.543049756	15.3159607821
400.700125462	15.3160626557
400.857201168	15.3161643914
401.014276874	15.3162659892
401.17135258	15.3163674493
401.328428285	15.316468772
401.485503991	15.3165699573
401.642579697	15.3166710055
401.799655403	15.3167719167
401.956731109	15.3168726911
402.113806814	15.3169733289
402.27088252	15.3170738301
402.427958226	15.3171741951
402.585033932	15.317274424
402.742109637	15.3173745168
402.899185343	15.3174744739
403.056261049	15.3175742953
403.213336755	15.3176739813
403.370412461	15.317773532
403.527488166	15.3178729475
403.684563872	15.3179722281
403.841639578	15.3180713739
403.998715284	15.318170385
404.15579099	15.3182692617
404.312866695	15.318368004
404.469942401	15.3184666122
404.627018107	15.3185650865
404.784093813	15.3186634269
404.941169518	15.3187616337
405.098245224	15.318859707
405.25532093	15.318957647
405.412396636	15.3190554538
405.569472342	15.3191531277
405.726548047	15.3192506687
405.883623753	15.319348077
406.040699459	15.3194453528
406.197775165	15.3195424963
406.354850871	15.3196395076
406.511926576	15.3197363869
406.669002282	15.3198331344
406.826077988	15.3199297501
406.983153694	15.3200262343
407.1402294	15.3201225871
407.297305105	15.3202188087
407.454380811	15.3203148993
407.611456517	15.3204108589
407.768532223	15.3205066878
407.925607928	15.3206023862
408.082683634	15.3206979541
408.23975934	15.3207933917
408.396835046	15.3208886993
408.553910752	15.3209838769
408.710986457	15.3210789247
408.868062163	15.3211738429
409.025137869	15.3212686316
409.182213575	15.321363291
409.339289281	15.3214578213
409.496364986	15.3215522225
409.653440692	15.3216464949
409.810516398	15.3217406387
409.967592104	15.3218346539
410.124667809	15.3219285407
410.281743515	15.3220222993
410.438819221	15.3221159298
410.595894927	15.3222094324
410.752970633	15.3223028073
410.910046338	15.3223960545
411.067122044	15.3224891743
411.22419775	15.3225821668
411.381273456	15.3226750322
411.538349162	15.3227677706
411.695424867	15.3228603822
411.852500573	15.322952867
412.009576279	15.3230452254
412.166651985	15.3231374574
412.32372769	15.3232295631
412.480803396	15.3233215428
412.637879102	15.3234133966
412.794954808	15.3235051246
412.952030514	15.323596727
413.109106219	15.3236882039
413.266181925	15.3237795555
413.423257631	15.3238707819
413.580333337	15.3239618833
413.737409043	15.3240528599
413.894484748	15.3241437117
414.051560454	15.324234439
414.20863616	15.3243250419
414.365711866	15.3244155205
414.522787571	15.324505875
414.679863277	15.3245961055
414.836938983	15.3246862122
414.994014689	15.3247761952
415.151090395	15.3248660547
415.3081661	15.3249557909
415.465241806	15.3250454038
415.622317512	15.3251348936
415.779393218	15.3252242605
415.936468924	15.3253135046
416.093544629	15.3254026261
416.250620335	15.325491625
416.407696041	15.3255805016
416.564771747	15.3256692561
416.721847452	15.3257578884
416.878923158	15.3258463989
417.035998864	15.3259347876
417.19307457	15.3260230546
417.350150276	15.3261112002
417.507225981	15.3261992245
417.664301687	15.3262871276
417.821377393	15.3263749096
417.978453099	15.3264625707
418.135528805	15.3265501111
418.29260451	15.3266375309
418.449680216	15.3267248302
418.606755922	15.3268120091
418.763831628	15.3268990679
418.920907334	15.3269860067
419.077983039	15.3270728255
419.235058745	15.3271595246
419.392134451	15.3272461041
419.549210157	15.3273325641
419.706285862	15.3274189048
419.863361568	15.3275051262
420.020437274	15.3275912287
420.17751298	15.3276772122
420.334588686	15.327763077
420.491664391	15.3278488231
420.648740097	15.3279344507
420.805815803	15.32801996
420.962891509	15.3281053511
421.119967215	15.3281906241
421.27704292	15.3282757792
421.434118626	15.3283608165
421.591194332	15.3284457362
421.748270038	15.3285305383
421.905345743	15.3286152231
422.062421449	15.3286997906
422.219497155	15.328784241
422.376572861	15.3288685745
422.533648567	15.3289527911
422.690724272	15.3290368911
422.847799978	15.3291208745
423.004875684	15.3292047415
423.16195139	15.3292884922
423.319027096	15.3293721268
423.476102801	15.3294556454
423.633178507	15.3295390481
423.790254213	15.3296223351
423.947329919	15.3297055065
424.104405624	15.3297885624
424.26148133	15.329871503
424.418557036	15.3299543284
424.575632742	15.3300370388
424.732708448	15.3301196342
424.889784153	15.3302021149
425.046859859	15.3302844809
425.203935565	15.3303667324
425.361011271	15.3304488695
425.518086977	15.3305308923
425.675162682	15.3306128011
425.832238388	15.3306945958
425.989314094	15.3307762767
426.1463898	15.3308578439
426.303465505	15.3309392975
426.460541211	15.3310206376
426.617616917	15.3311018644
426.774692623	15.3311829781
426.931768329	15.3312639787
427.088844034	15.3313448663
427.24591974	15.3314256412
427.402995446	15.3315063033
427.560071152	15.331586853
427.717146858	15.3316672903
427.874222563	15.3317476152
428.031298269	15.3318278281
428.188373975	15.3319079289
428.345449681	15.3319879179
428.502525387	15.3320677951
428.659601092	15.3321475606
428.816676798	15.3322272147
428.973752504	15.3323067575
429.13082821	15.3323861889
429.287903915	15.3324655093
429.444979621	15.3325447187
429.602055327	15.3326238173
429.759131033	15.3327028051
429.916206739	15.3327816824
430.073282444	15.3328604491
430.23035815	15.3329391056
430.387433856	15.3330176518
430.544509562	15.333096088
430.701585268	15.3331744141
430.858660973	15.3332526305
431.015736679	15.3333307372
431.172812385	15.3334087342
431.329888091	15.3334866219
431.486963796	15.3335644002
431.644039502	15.3336420693
431.801115208	15.3337196293
431.958190914	15.3337970804
432.11526662	15.3338744227
432.272342325	15.3339516563
432.429418031	15.3340287813
432.586493737	15.3341057978
432.743569443	15.3341827061
432.900645149	15.3342595061
433.057720854	15.3343361981
433.21479656	15.3344127821
433.371872266	15.3344892583
433.528947972	15.3345656267
433.686023677	15.3346418877
433.843099383	15.3347180411
434.000175089	15.3347940872
434.157250795	15.3348700261
434.314326501	15.3349458579
434.471402206	15.3350215828
434.628477912	15.3350972008
434.785553618	15.3351727121
434.942629324	15.3352481168
435.09970503	15.335323415
435.256780735	15.3353986068
435.413856441	15.3354736925
435.570932147	15.335548672
435.728007853	15.3356235455
435.885083558	15.3356983131
436.042159264	15.335772975
436.19923497	15.3358475313
436.356310676	15.335921982
436.513386382	15.3359963274
436.670462087	15.3360705675
436.827537793	15.3361447025
436.984613499	15.3362187324
437.141689205	15.3362926574
437.298764911	15.3363664776
437.455840616	15.3364401931
437.612916322	15.3365138041
437.769992028	15.3365873107
437.927067734	15.3366607129
438.08414344	15.3367340109
438.241219145	15.3368072049
438.398294851	15.3368802949
438.555370557	15.336953281
438.712446263	15.3370261634
438.869521968	15.3370989423
439.026597674	15.3371716176
439.18367338	15.3372441895
439.340749086	15.3373166582
439.497824792	15.3373890238
439.654900497	15.3374612863
439.811976203	15.3375334459
439.969051909	15.3376055027
440.126127615	15.3376774568
440.283203321	15.3377493084
440.440279026	15.3378210576
440.597354732	15.3378927044
440.754430438	15.337964249
440.911506144	15.3380356915
441.068581849	15.338107032
441.225657555	15.3381782706
441.382733261	15.3382494075
441.539808967	15.3383204428
441.696884673	15.3383913765
441.853960378	15.3384622088
442.011036084	15.3385329398
442.16811179	15.3386035697
442.325187496	15.3386740984
442.482263202	15.3387445262
442.639338907	15.3388148532
442.796414613	15.3388850794
442.953490319	15.3389552051
443.110566025	15.3390252302
443.26764173	15.3390951549
443.424717436	15.3391649793
443.581793142	15.3392347036
443.738868848	15.3393043279
443.895944554	15.3393738521
444.053020259	15.3394432766
444.210095965	15.3395126013
444.367171671	15.3395818265
444.524247377	15.3396509521
444.681323083	15.3397199783
444.838398788	15.3397889053
444.995474494	15.3398577331
445.1525502	15.3399264619
445.309625906	15.3399950917
445.466701611	15.3400636227
445.623777317	15.340132055
445.780853023	15.3402003886
445.937928729	15.3402686238
446.095004435	15.3403367606
446.25208014	15.3404047991
446.409155846	15.3404727394
446.566231552	15.3405405816
446.723307258	15.3406083259
446.880382964	15.3406759724
447.037458669	15.3407435211
447.194534375	15.3408109722
447.351610081	15.3408783258
447.508685787	15.3409455819
447.665761493	15.3410127408
447.822837198	15.3410798025
447.979912904	15.341146767
448.13698861	15.3412136346
448.294064316	15.3412804054
448.451140021	15.3413470793
448.608215727	15.3414136566
448.765291433	15.3414801374
448.922367139	15.3415465217
449.079442845	15.3416128097
449.23651855	15.3416790014
449.393594256	15.341745097
449.550669962	15.3418110967
449.707745668	15.3418770003
449.864821374	15.3419428082
450.021897079	15.3420085204
450.178972785	15.342074137
450.336048491	15.3421396581
450.493124197	15.3422050839
450.650199902	15.3422704143
450.807275608	15.3423356496
450.964351314	15.3424007898
451.12142702	15.3424658351
451.278502726	15.3425307854
451.435578431	15.3425956411
451.592654137	15.3426604021
451.749729843	15.3427250685
451.906805549	15.3427896405
452.063881255	15.3428541182
452.22095696	15.3429185016
452.378032666	15.3429827909
452.535108372	15.3430469862
452.692184078	15.3431110875
452.849259783	15.343175095
453.006335489	15.3432390088
453.163411195	15.343302829
453.320486901	15.3433665557
453.477562607	15.343430189
453.634638312	15.343493729
453.791714018	15.3435571757
453.948789724	15.3436205294
454.10586543	15.34368379
454.262941136	15.3437469578
454.420016841	15.3438100327
454.577092547	15.343873015
454.734168253	15.3439359047
454.891243959	15.3439987018
455.048319664	15.3440614066
455.20539537	15.3441240191
455.362471076	15.3441865394
455.519546782	15.3442489676
455.676622488	15.3443113038
455.833698193	15.3443735481
455.990773899	15.3444357006
456.147849605	15.3444977615
456.304925311	15.3445597307
456.462001017	15.3446216085
456.619076722	15.3446833949
456.776152428	15.3447450899
456.933228134	15.3448066938
457.09030384	15.3448682066
457.247379546	15.3449296284
457.404455251	15.3449909593
457.561530957	15.3450521994
457.718606663	15.3451133488
457.875682369	15.3451744077
458.032758074	15.345235376
458.18983378	15.3452962539
458.346909486	15.3453570415
458.503985192	15.3454177389
458.661060898	15.3454783462
458.818136603	15.3455388634
458.975212309	15.3455992908
459.132288015	15.3456596284
459.289363721	15.3457198762
459.446439427	15.3457800344
459.603515132	15.3458401031
459.760590838	15.3459000823
459.917666544	15.3459599722
460.07474225	15.3460197729
460.231817955	15.3460794845
460.388893661	15.346139107
460.545969367	15.3461986405
460.703045073	15.3462580852
460.860120779	15.3463174412
461.017196484	15.3463767084
461.17427219	15.3464358872
461.331347896	15.3464949774
461.488423602	15.3465539793
461.645499308	15.3466128929
461.802575013	15.3466717183
461.959650719	15.3467304557
462.116726425	15.346789105
462.273802131	15.3468476665
462.430877836	15.3469061401
462.587953542	15.346964526
462.745029248	15.3470228243
462.902104954	15.3470810351
463.05918066	15.3471391585
463.216256365	15.3471971945
463.373332071	15.3472551433
463.530407777	15.347313005
463.687483483	15.3473707795
463.844559189	15.3474284672
464.001634894	15.3474860679
464.1587106	15.3475435819
464.315786306	15.3476010092
464.472862012	15.34765835
464.629937717	15.3477156042
464.787013423	15.347772772
464.944089129	15.3478298535
465.101164835	15.3478868488
465.258240541	15.347943758
465.415316246	15.3480005811
465.572391952	15.3480573183
465.729467658	15.3481139697
465.886543364	15.3481705353
466.04361907	15.3482270152
466.200694775	15.3482834095
466.357770481	15.3483397184
466.514846187	15.3483959418
466.671921893	15.34845208
466.828997599	15.3485081329
466.986073304	15.3485641008
467.14314901	15.3486199836
467.300224716	15.3486757814
467.457300422	15.3487314944
467.614376127	15.3487871227
467.771451833	15.3488426662
467.928527539	15.3488981252
468.085603245	15.3489534997
468.242678951	15.3490087898
468.399754656	15.3490639956
468.556830362	15.3491191172
468.713906068	15.3491741547
468.870981774	15.3492291081
469.02805748	15.3492839775
469.185133185	15.3493387631
469.342208891	15.3493934649
469.499284597	15.349448083
469.656360303	15.3495026175
469.813436008	15.3495570685
469.970511714	15.3496114361
470.12758742	15.3496657204
470.284663126	15.3497199214
470.441738832	15.3497740392
470.598814537	15.349828074
470.755890243	15.3498820258
470.912965949	15.3499358947
471.070041655	15.3499896808
